                NATIONAL DAILY DIRECT NEGOTIATED HOG PURCHASE MATRIX
           REPRESENTING INDIVIDUAL PACKER CARCASS MERIT BUYING PROGRAMS
       based on both Fat and Muscle Measurements for a 200 lb Carcass Basis

                             LOIN AREA/DEPTH (INCHES)

BF      4.0/ 1.4       5.0/ 1.7       6.0/ 2.0       7.0/ 2.3       8.0/ 2.7
0.4   61.00  67.57   62.50  68.90   63.50  70.23   64.50  71.56   65.00  73.33
0.5   58.00  67.57   61.00  68.90   63.50  70.23   64.00  71.56   65.00  73.33
0.6   58.00  66.31   61.00  67.64   62.50  68.96   63.50  70.29   64.50  72.06
0.7   58.00  65.04   58.00  66.37   61.00  67.70   63.50  69.03   64.00  70.80
0.8   57.00  63.78   58.00  65.10   61.00  66.43   62.50  67.76   64.00  69.53
0.9   57.00  62.51   58.00  63.84   58.00  65.17   61.00  66.50   62.50  68.27
1.0   55.00  61.25   57.00  62.57   58.00  63.90   61.00  65.23   62.50  67.00
1.1   54.00  59.66   57.00  61.00   58.00  62.32   58.00  63.65   61.50  66.50
1.2   54.00  58.00   55.00  59.09   57.00  61.00   57.50  62.00   59.50  65.00
1.4   49.50  54.50   50.87  58.00   52.20  59.00   53.53  61.00   55.30  62.00
